### var1 :  ph_sc_eta 
### var2 :  ph_et 
  -2.500	  -2.000	 +10.000	 +15.000	0.360	0.008	0.373	0.011	0.356	0.374	0.354	0.371
  -2.000	  -1.566	 +10.000	 +15.000	0.392	0.006	0.388	0.011	0.392	0.410	0.401	0.382
  -1.566	  -1.444	 +10.000	 +15.000	0.019	0.002	0.024	0.006	0.018	0.056	0.025	0.026
  -1.444	  -0.800	 +10.000	 +15.000	0.545	0.012	0.427	0.009	0.502	0.523	0.424	0.427
  -0.800	  +0.000	 +10.000	 +15.000	0.525	0.011	0.518	0.010	0.438	0.517	0.480	0.520
  +0.000	  +0.800	 +10.000	 +15.000	0.457	0.005	0.519	0.010	0.485	0.527	0.495	0.518
  +0.800	  +1.444	 +10.000	 +15.000	0.512	0.005	0.406	0.009	0.529	0.538	0.549	0.406
  +1.444	  +1.566	 +10.000	 +15.000	0.010	0.002	0.037	0.008	0.010	0.034	0.039	0.038
  +1.566	  +2.000	 +10.000	 +15.000	0.401	0.005	0.393	0.010	0.419	0.423	0.334	0.395
  +2.000	  +2.500	 +10.000	 +15.000	0.380	0.008	0.386	0.010	0.373	0.401	0.334	0.383
  -2.500	  -2.000	 +15.000	 +20.000	0.411	0.005	0.399	0.006	0.405	0.430	0.425	0.398
  -2.000	  -1.566	 +15.000	 +20.000	0.457	0.005	0.441	0.006	0.433	0.461	0.380	0.441
  -1.566	  -1.444	 +15.000	 +20.000	0.034	0.002	0.035	0.004	0.032	0.032	0.031	0.035
  -1.444	  -0.800	 +15.000	 +20.000	0.482	0.004	0.412	0.004	0.470	0.483	0.414	0.410
  -0.800	  +0.000	 +15.000	 +20.000	0.525	0.004	0.534	0.004	0.493	0.532	0.530	0.534
  +0.000	  +0.800	 +15.000	 +20.000	0.515	0.004	0.531	0.004	0.465	0.517	0.522	0.530
  +0.800	  +1.444	 +15.000	 +20.000	0.476	0.004	0.406	0.004	0.465	0.492	0.372	0.403
  +1.444	  +1.566	 +15.000	 +20.000	0.044	0.002	0.034	0.004	0.042	0.055	0.033	0.035
  +1.566	  +2.000	 +15.000	 +20.000	0.480	0.004	0.442	0.006	0.475	0.487	0.446	0.441
  +2.000	  +2.500	 +15.000	 +20.000	0.423	0.005	0.416	0.006	0.403	0.421	0.397	0.414
  -2.500	  -2.000	 +20.000	 +35.000	0.510	0.001	0.526	0.002	0.527	0.513	0.524	0.520
  -2.000	  -1.566	 +20.000	 +35.000	0.528	0.001	0.548	0.002	0.554	0.550	0.557	0.543
  -1.566	  -1.444	 +20.000	 +35.000	0.046	0.001	0.042	0.001	0.045	0.054	0.042	0.040
  -1.444	  -0.800	 +20.000	 +35.000	0.515	0.001	0.511	0.001	0.531	0.529	0.513	0.506
  -0.800	  +0.000	 +20.000	 +35.000	0.549	0.001	0.562	0.001	0.564	0.558	0.556	0.558
  +0.000	  +0.800	 +20.000	 +35.000	0.564	0.001	0.561	0.001	0.582	0.574	0.561	0.557
  +0.800	  +1.444	 +20.000	 +35.000	0.511	0.001	0.504	0.001	0.531	0.531	0.499	0.500
  +1.444	  +1.566	 +20.000	 +35.000	0.049	0.001	0.045	0.001	0.046	0.057	0.042	0.045
  +1.566	  +2.000	 +20.000	 +35.000	0.529	0.001	0.550	0.002	0.544	0.547	0.541	0.543
  +2.000	  +2.500	 +20.000	 +35.000	0.497	0.001	0.536	0.002	0.533	0.522	0.520	0.529
  -2.500	  -2.000	 +35.000	 +50.000	0.622	0.001	0.633	0.001	0.616	0.593	0.628	0.631
  -2.000	  -1.566	 +35.000	 +50.000	0.639	0.001	0.645	0.001	0.634	0.649	0.636	0.644
  -1.566	  -1.444	 +35.000	 +50.000	0.069	0.001	0.064	0.001	0.069	0.069	0.055	0.065
  -1.444	  -0.800	 +35.000	 +50.000	0.613	0.001	0.618	0.001	0.607	0.611	0.615	0.618
  -0.800	  +0.000	 +35.000	 +50.000	0.648	0.001	0.654	0.001	0.643	0.633	0.653	0.654
  +0.000	  +0.800	 +35.000	 +50.000	0.661	0.001	0.653	0.001	0.656	0.659	0.650	0.653
  +0.800	  +1.444	 +35.000	 +50.000	0.616	0.001	0.611	0.001	0.611	0.613	0.604	0.610
  +1.444	  +1.566	 +35.000	 +50.000	0.072	0.001	0.073	0.001	0.071	0.072	0.074	0.073
  +1.566	  +2.000	 +35.000	 +50.000	0.634	0.001	0.643	0.001	0.629	0.632	0.635	0.643
  +2.000	  +2.500	 +35.000	 +50.000	0.635	0.001	0.642	0.001	0.628	0.652	0.637	0.642
  -2.500	  -2.000	 +50.000	+100.000	0.677	0.002	0.684	0.004	0.674	0.721	0.696	0.683
  -2.000	  -1.566	 +50.000	+100.000	0.680	0.001	0.680	0.003	0.677	0.633	0.674	0.679
  -1.566	  -1.444	 +50.000	+100.000	0.074	0.001	0.072	0.003	0.075	0.076	0.063	0.072
  -1.444	  -0.800	 +50.000	+100.000	0.652	0.001	0.664	0.002	0.649	0.659	0.654	0.662
  -0.800	  +0.000	 +50.000	+100.000	0.676	0.001	0.691	0.001	0.675	0.671	0.689	0.689
  +0.000	  +0.800	 +50.000	+100.000	0.687	0.001	0.688	0.001	0.685	0.690	0.695	0.686
  +0.800	  +1.444	 +50.000	+100.000	0.655	0.001	0.657	0.002	0.653	0.649	0.657	0.655
  +1.444	  +1.566	 +50.000	+100.000	0.082	0.002	0.078	0.004	0.079	0.039	0.074	0.078
  +1.566	  +2.000	 +50.000	+100.000	0.679	0.002	0.685	0.003	0.676	0.679	0.680	0.683
  +2.000	  +2.500	 +50.000	+100.000	0.716	0.002	0.687	0.003	0.711	0.677	0.695	0.684
  -2.500	  -2.000	+100.000	+200.000	0.762	0.009	0.705	0.017	0.764	0.767	0.767	0.709
  -2.000	  -1.566	+100.000	+200.000	0.757	0.005	0.714	0.013	0.751	0.748	0.794	0.710
  -1.566	  -1.444	+100.000	+200.000	0.072	0.007	0.071	0.015	0.072	0.072	0.104	0.074
  -1.444	  -0.800	+100.000	+200.000	0.731	0.004	0.735	0.008	0.731	0.747	0.659	0.735
  -0.800	  +0.000	+100.000	+200.000	0.734	0.004	0.737	0.006	0.729	0.737	0.704	0.739
  +0.000	  +0.800	+100.000	+200.000	0.736	0.004	0.713	0.007	0.734	0.738	0.686	0.711
  +0.800	  +1.444	+100.000	+200.000	0.744	0.005	0.730	0.008	0.738	0.735	0.662	0.727
  +1.444	  +1.566	+100.000	+200.000	0.088	0.008	0.080	0.016	0.087	0.087	0.190	0.075
  +1.566	  +2.000	+100.000	+200.000	0.749	0.008	0.695	0.014	0.747	0.749	0.779	0.701
  +2.000	  +2.500	+100.000	+200.000	0.763	0.010	0.723	0.017	0.764	0.790	0.687	0.720
